12
12 1 2 3 4 5 6 7 8 9 10 11 12
12 1 2 3 4 5 6 7 8 9 10 11 12
12 1 2 3 4 5 6 7 8 9 10 11 12
12 1 2 3 4 5 6 7 8 9 10 11 12
12 1 2 3 4 5 6 7 8 9 10 11 12
12 1 2 3 4 5 6 7 8 9 10 11 12
12 1 2 3 4 5 6 7 8 9 10 11 12
12 1 2 3 4 5 6 7 8 9 10 11 12
12 1 2 3 4 5 6 7 8 9 10 11 12
12 1 2 3 4 5 6 7 8 9 10 11 12
12 1 2 3 4 5 6 7 8 9 10 11 12
12 1 2 3 4 5 6 7 8 9 10 11 12
66
V
2 1 2
110 1 3 1 4 1 5 1 6 1 7 1 8 1 9 1 10 1 11 1 12 2 4 2 5 2 6 2 7 2 8 2 9 2 10 2 11 2 12 3 1 3 5 3 6 3 7 3 8 3 9 3 10 3 11 3 12 4 1 4 2 4 6 4 7 4 8 4 9 4 10 4 11 4 12 5 1 5 2 5 3 5 7 5 8 5 9 5 10 5 11 5 12 6 1 6 2 6 3 6 4 6 8 6 9 6 10 6 11 6 12 7 1 7 2 7 3 7 4 7 5 7 9 7 10 7 11 7 12 8 1 8 2 8 3 8 4 8 5 8 6 8 10 8 11 8 12 9 1 9 2 9 3 9 4 9 5 9 6 9 7 9 11 9 12 10 1 10 2 10 3 10 4 10 5 10 6 10 7 10 8 10 12 11 1 11 2 11 3 11 4 11 5 11 6 11 7 11 8 11 9 12 1 12 2 12 3 12 4 12 5 12 6 12 7 12 8 12 9 12 10
V
2 1 3
112 1 2 1 4 1 5 1 6 1 7 1 8 1 9 1 10 1 11 1 12 2 1 2 3 2 5 2 6 2 7 2 8 2 9 2 10 2 11 2 12 3 2 3 4 3 6 3 7 3 8 3 9 3 10 3 11 3 12 4 1 4 3 4 5 4 7 4 8 4 9 4 10 4 11 4 12 5 1 5 2 5 4 5 6 5 8 5 9 5 10 5 11 5 12 6 1 6 2 6 3 6 5 6 7 6 9 6 10 6 11 6 12 7 1 7 2 7 3 7 4 7 6 7 8 7 10 7 11 7 12 8 1 8 2 8 3 8 4 8 5 8 7 8 9 8 11 8 12 9 1 9 2 9 3 9 4 9 5 9 6 9 8 9 10 9 12 10 1 10 2 10 3 10 4 10 5 10 6 10 7 10 9 10 11 11 1 11 2 11 3 11 4 11 5 11 6 11 7 11 8 11 10 11 12 12 1 12 2 12 3 12 4 12 5 12 6 12 7 12 8 12 9 12 11
V
2 1 4
114 1 2 1 3 1 5 1 6 1 7 1 8 1 9 1 10 1 11 1 12 2 1 2 3 2 4 2 6 2 7 2 8 2 9 2 10 2 11 2 12 3 1 3 2 3 4 3 5 3 7 3 8 3 9 3 10 3 11 3 12 4 2 4 3 4 5 4 6 4 8 4 9 4 10 4 11 4 12 5 1 5 3 5 4 5 6 5 7 5 9 5 10 5 11 5 12 6 1 6 2 6 4 6 5 6 7 6 8 6 10 6 11 6 12 7 1 7 2 7 3 7 5 7 6 7 8 7 9 7 11 7 12 8 1 8 2 8 3 8 4 8 6 8 7 8 9 8 10 8 12 9 1 9 2 9 3 9 4 9 5 9 7 9 8 9 10 9 11 10 1 10 2 10 3 10 4 10 5 10 6 10 8 10 9 10 11 10 12 11 1 11 2 11 3 11 4 11 5 11 6 11 7 11 9 11 10 11 12 12 1 12 2 12 3 12 4 12 5 12 6 12 7 12 8 12 10 12 11
V
2 1 5
116 1 2 1 3 1 4 1 6 1 7 1 8 1 9 1 10 1 11 1 12 2 1 2 3 2 4 2 5 2 7 2 8 2 9 2 10 2 11 2 12 3 1 3 2 3 4 3 5 3 6 3 8 3 9 3 10 3 11 3 12 4 1 4 2 4 3 4 5 4 6 4 7 4 9 4 10 4 11 4 12 5 2 5 3 5 4 5 6 5 7 5 8 5 10 5 11 5 12 6 1 6 3 6 4 6 5 6 7 6 8 6 9 6 11 6 12 7 1 7 2 7 4 7 5 7 6 7 8 7 9 7 10 7 12 8 1 8 2 8 3 8 5 8 6 8 7 8 9 8 10 8 11 9 1 9 2 9 3 9 4 9 6 9 7 9 8 9 10 9 11 9 12 10 1 10 2 10 3 10 4 10 5 10 7 10 8 10 9 10 11 10 12 11 1 11 2 11 3 11 4 11 5 11 6 11 8 11 9 11 10 11 12 12 1 12 2 12 3 12 4 12 5 12 6 12 7 12 9 12 10 12 11
V
2 1 6
118 1 2 1 3 1 4 1 5 1 7 1 8 1 9 1 10 1 11 1 12 2 1 2 3 2 4 2 5 2 6 2 8 2 9 2 10 2 11 2 12 3 1 3 2 3 4 3 5 3 6 3 7 3 9 3 10 3 11 3 12 4 1 4 2 4 3 4 5 4 6 4 7 4 8 4 10 4 11 4 12 5 1 5 2 5 3 5 4 5 6 5 7 5 8 5 9 5 11 5 12 6 2 6 3 6 4 6 5 6 7 6 8 6 9 6 10 6 12 7 1 7 3 7 4 7 5 7 6 7 8 7 9 7 10 7 11 8 1 8 2 8 4 8 5 8 6 8 7 8 9 8 10 8 11 8 12 9 1 9 2 9 3 9 5 9 6 9 7 9 8 9 10 9 11 9 12 10 1 10 2 10 3 10 4 10 6 10 7 10 8 10 9 10 11 10 12 11 1 11 2 11 3 11 4 11 5 11 7 11 8 11 9 11 10 11 12 12 1 12 2 12 3 12 4 12 5 12 6 12 8 12 9 12 10 12 11
V
2 1 7
120 1 2 1 3 1 4 1 5 1 6 1 8 1 9 1 10 1 11 1 12 2 1 2 3 2 4 2 5 2 6 2 7 2 9 2 10 2 11 2 12 3 1 3 2 3 4 3 5 3 6 3 7 3 8 3 10 3 11 3 12 4 1 4 2 4 3 4 5 4 6 4 7 4 8 4 9 4 11 4 12 5 1 5 2 5 3 5 4 5 6 5 7 5 8 5 9 5 10 5 12 6 1 6 2 6 3 6 4 6 5 6 7 6 8 6 9 6 10 6 11 7 2 7 3 7 4 7 5 7 6 7 8 7 9 7 10 7 11 7 12 8 1 8 3 8 4 8 5 8 6 8 7 8 9 8 10 8 11 8 12 9 1 9 2 9 4 9 5 9 6 9 7 9 8 9 10 9 11 9 12 10 1 10 2 10 3 10 5 10 6 10 7 10 8 10 9 10 11 10 12 11 1 11 2 11 3 11 4 11 6 11 7 11 8 11 9 11 10 11 12 12 1 12 2 12 3 12 4 12 5 12 7 12 8 12 9 12 10 12 11
V
2 1 8
122 1 2 1 3 1 4 1 5 1 6 1 7 1 9 1 10 1 11 1 12 2 1 2 3 2 4 2 5 2 6 2 7 2 8 2 10 2 11 2 12 3 1 3 2 3 4 3 5 3 6 3 7 3 8 3 9 3 11 3 12 4 1 4 2 4 3 4 5 4 6 4 7 4 8 4 9 4 10 4 12 5 1 5 2 5 3 5 4 5 6 5 7 5 8 5 9 5 10 5 11 6 1 6 2 6 3 6 4 6 5 6 7 6 8 6 9 6 10 6 11 6 12 7 1 7 2 7 3 7 4 7 5 7 6 7 8 7 9 7 10 7 11 7 12 8 2 8 3 8 4 8 5 8 6 8 7 8 9 8 10 8 11 8 12 9 1 9 3 9 4 9 5 9 6 9 7 9 8 9 10 9 11 9 12 10 1 10 2 10 4 10 5 10 6 10 7 10 8 10 9 10 11 10 12 11 1 11 2 11 3 11 5 11 6 11 7 11 8 11 9 11 10 11 12 12 1 12 2 12 3 12 4 12 6 12 7 12 8 12 9 12 10 12 11
V
2 1 9
124 1 2 1 3 1 4 1 5 1 6 1 7 1 8 1 10 1 11 1 12 2 1 2 3 2 4 2 5 2 6 2 7 2 8 2 9 2 11 2 12 3 1 3 2 3 4 3 5 3 6 3 7 3 8 3 9 3 10 3 12 4 1 4 2 4 3 4 5 4 6 4 7 4 8 4 9 4 10 4 11 5 1 5 2 5 3 5 4 5 6 5 7 5 8 5 9 5 10 5 11 5 12 6 1 6 2 6 3 6 4 6 5 6 7 6 8 6 9 6 10 6 11 6 12 7 1 7 2 7 3 7 4 7 5 7 6 7 8 7 9 7 10 7 11 7 12 8 1 8 2 8 3 8 4 8 5 8 6 8 7 8 9 8 10 8 11 8 12 9 2 9 3 9 4 9 5 9 6 9 7 9 8 9 10 9 11 9 12 10 1 10 3 10 4 10 5 10 6 10 7 10 8 10 9 10 11 10 12 11 1 11 2 11 4 11 5 11 6 11 7 11 8 11 9 11 10 11 12 12 1 12 2 12 3 12 5 12 6 12 7 12 8 12 9 12 10 12 11
V
2 1 10
126 1 2 1 3 1 4 1 5 1 6 1 7 1 8 1 9 1 11 1 12 2 1 2 3 2 4 2 5 2 6 2 7 2 8 2 9 2 10 2 12 3 1 3 2 3 4 3 5 3 6 3 7 3 8 3 9 3 10 3 11 4 1 4 2 4 3 4 5 4 6 4 7 4 8 4 9 4 10 4 11 4 12 5 1 5 2 5 3 5 4 5 6 5 7 5 8 5 9 5 10 5 11 5 12 6 1 6 2 6 3 6 4 6 5 6 7 6 8 6 9 6 10 6 11 6 12 7 1 7 2 7 3 7 4 7 5 7 6 7 8 7 9 7 10 7 11 7 12 8 1 8 2 8 3 8 4 8 5 8 6 8 7 8 9 8 10 8 11 8 12 9 1 9 2 9 3 9 4 9 5 9 6 9 7 9 8 9 10 9 11 9 12 10 2 10 3 10 4 10 5 10 6 10 7 10 8 10 9 10 11 10 12 11 1 11 3 11 4 11 5 11 6 11 7 11 8 11 9 11 10 11 12 12 1 12 2 12 4 12 5 12 6 12 7 12 8 12 9 12 10 12 11
V
2 1 11
128 1 2 1 3 1 4 1 5 1 6 1 7 1 8 1 9 1 10 1 12 2 1 2 3 2 4 2 5 2 6 2 7 2 8 2 9 2 10 2 11 3 1 3 2 3 4 3 5 3 6 3 7 3 8 3 9 3 10 3 11 3 12 4 1 4 2 4 3 4 5 4 6 4 7 4 8 4 9 4 10 4 11 4 12 5 1 5 2 5 3 5 4 5 6 5 7 5 8 5 9 5 10 5 11 5 12 6 1 6 2 6 3 6 4 6 5 6 7 6 8 6 9 6 10 6 11 6 12 7 1 7 2 7 3 7 4 7 5 7 6 7 8 7 9 7 10 7 11 7 12 8 1 8 2 8 3 8 4 8 5 8 6 8 7 8 9 8 10 8 11 8 12 9 1 9 2 9 3 9 4 9 5 9 6 9 7 9 8 9 10 9 11 9 12 10 1 10 2 10 3 10 4 10 5 10 6 10 7 10 8 10 9 10 11 10 12 11 2 11 3 11 4 11 5 11 6 11 7 11 8 11 9 11 10 11 12 12 1 12 3 12 4 12 5 12 6 12 7 12 8 12 9 12 10 12 11
V
2 1 12
130 1 2 1 3 1 4 1 5 1 6 1 7 1 8 1 9 1 10 1 11 2 1 2 3 2 4 2 5 2 6 2 7 2 8 2 9 2 10 2 11 2 12 3 1 3 2 3 4 3 5 3 6 3 7 3 8 3 9 3 10 3 11 3 12 4 1 4 2 4 3 4 5 4 6 4 7 4 8 4 9 4 10 4 11 4 12 5 1 5 2 5 3 5 4 5 6 5 7 5 8 5 9 5 10 5 11 5 12 6 1 6 2 6 3 6 4 6 5 6 7 6 8 6 9 6 10 6 11 6 12 7 1 7 2 7 3 7 4 7 5 7 6 7 8 7 9 7 10 7 11 7 12 8 1 8 2 8 3 8 4 8 5 8 6 8 7 8 9 8 10 8 11 8 12 9 1 9 2 9 3 9 4 9 5 9 6 9 7 9 8 9 10 9 11 9 12 10 1 10 2 10 3 10 4 10 5 10 6 10 7 10 8 10 9 10 11 10 12 11 1 11 2 11 3 11 4 11 5 11 6 11 7 11 8 11 9 11 10 11 12 12 2 12 3 12 4 12 5 12 6 12 7 12 8 12 9 12 10 12 11
V
2 2 3
110 1 3 1 4 1 5 1 6 1 7 1 8 1 9 1 10 1 11 1 12 2 4 2 5 2 6 2 7 2 8 2 9 2 10 2 11 2 12 3 1 3 5 3 6 3 7 3 8 3 9 3 10 3 11 3 12 4 1 4 2 4 6 4 7 4 8 4 9 4 10 4 11 4 12 5 1 5 2 5 3 5 7 5 8 5 9 5 10 5 11 5 12 6 1 6 2 6 3 6 4 6 8 6 9 6 10 6 11 6 12 7 1 7 2 7 3 7 4 7 5 7 9 7 10 7 11 7 12 8 1 8 2 8 3 8 4 8 5 8 6 8 10 8 11 8 12 9 1 9 2 9 3 9 4 9 5 9 6 9 7 9 11 9 12 10 1 10 2 10 3 10 4 10 5 10 6 10 7 10 8 10 12 11 1 11 2 11 3 11 4 11 5 11 6 11 7 11 8 11 9 12 1 12 2 12 3 12 4 12 5 12 6 12 7 12 8 12 9 12 10
V
2 2 4
112 1 2 1 4 1 5 1 6 1 7 1 8 1 9 1 10 1 11 1 12 2 1 2 3 2 5 2 6 2 7 2 8 2 9 2 10 2 11 2 12 3 2 3 4 3 6 3 7 3 8 3 9 3 10 3 11 3 12 4 1 4 3 4 5 4 7 4 8 4 9 4 10 4 11 4 12 5 1 5 2 5 4 5 6 5 8 5 9 5 10 5 11 5 12 6 1 6 2 6 3 6 5 6 7 6 9 6 10 6 11 6 12 7 1 7 2 7 3 7 4 7 6 7 8 7 10 7 11 7 12 8 1 8 2 8 3 8 4 8 5 8 7 8 9 8 11 8 12 9 1 9 2 9 3 9 4 9 5 9 6 9 8 9 10 9 12 10 1 10 2 10 3 10 4 10 5 10 6 10 7 10 9 10 11 11 1 11 2 11 3 11 4 11 5 11 6 11 7 11 8 11 10 11 12 12 1 12 2 12 3 12 4 12 5 12 6 12 7 12 8 12 9 12 11
V
2 2 5
114 1 2 1 3 1 5 1 6 1 7 1 8 1 9 1 10 1 11 1 12 2 1 2 3 2 4 2 6 2 7 2 8 2 9 2 10 2 11 2 12 3 1 3 2 3 4 3 5 3 7 3 8 3 9 3 10 3 11 3 12 4 2 4 3 4 5 4 6 4 8 4 9 4 10 4 11 4 12 5 1 5 3 5 4 5 6 5 7 5 9 5 10 5 11 5 12 6 1 6 2 6 4 6 5 6 7 6 8 6 10 6 11 6 12 7 1 7 2 7 3 7 5 7 6 7 8 7 9 7 11 7 12 8 1 8 2 8 3 8 4 8 6 8 7 8 9 8 10 8 12 9 1 9 2 9 3 9 4 9 5 9 7 9 8 9 10 9 11 10 1 10 2 10 3 10 4 10 5 10 6 10 8 10 9 10 11 10 12 11 1 11 2 11 3 11 4 11 5 11 6 11 7 11 9 11 10 11 12 12 1 12 2 12 3 12 4 12 5 12 6 12 7 12 8 12 10 12 11
V
2 2 6
116 1 2 1 3 1 4 1 6 1 7 1 8 1 9 1 10 1 11 1 12 2 1 2 3 2 4 2 5 2 7 2 8 2 9 2 10 2 11 2 12 3 1 3 2 3 4 3 5 3 6 3 8 3 9 3 10 3 11 3 12 4 1 4 2 4 3 4 5 4 6 4 7 4 9 4 10 4 11 4 12 5 2 5 3 5 4 5 6 5 7 5 8 5 10 5 11 5 12 6 1 6 3 6 4 6 5 6 7 6 8 6 9 6 11 6 12 7 1 7 2 7 4 7 5 7 6 7 8 7 9 7 10 7 12 8 1 8 2 8 3 8 5 8 6 8 7 8 9 8 10 8 11 9 1 9 2 9 3 9 4 9 6 9 7 9 8 9 10 9 11 9 12 10 1 10 2 10 3 10 4 10 5 10 7 10 8 10 9 10 11 10 12 11 1 11 2 11 3 11 4 11 5 11 6 11 8 11 9 11 10 11 12 12 1 12 2 12 3 12 4 12 5 12 6 12 7 12 9 12 10 12 11
V
2 2 7
118 1 2 1 3 1 4 1 5 1 7 1 8 1 9 1 10 1 11 1 12 2 1 2 3 2 4 2 5 2 6 2 8 2 9 2 10 2 11 2 12 3 1 3 2 3 4 3 5 3 6 3 7 3 9 3 10 3 11 3 12 4 1 4 2 4 3 4 5 4 6 4 7 4 8 4 10 4 11 4 12 5 1 5 2 5 3 5 4 5 6 5 7 5 8 5 9 5 11 5 12 6 2 6 3 6 4 6 5 6 7 6 8 6 9 6 10 6 12 7 1 7 3 7 4 7 5 7 6 7 8 7 9 7 10 7 11 8 1 8 2 8 4 8 5 8 6 8 7 8 9 8 10 8 11 8 12 9 1 9 2 9 3 9 5 9 6 9 7 9 8 9 10 9 11 9 12 10 1 10 2 10 3 10 4 10 6 10 7 10 8 10 9 10 11 10 12 11 1 11 2 11 3 11 4 11 5 11 7 11 8 11 9 11 10 11 12 12 1 12 2 12 3 12 4 12 5 12 6 12 8 12 9 12 10 12 11
V
2 2 8
120 1 2 1 3 1 4 1 5 1 6 1 8 1 9 1 10 1 11 1 12 2 1 2 3 2 4 2 5 2 6 2 7 2 9 2 10 2 11 2 12 3 1 3 2 3 4 3 5 3 6 3 7 3 8 3 10 3 11 3 12 4 1 4 2 4 3 4 5 4 6 4 7 4 8 4 9 4 11 4 12 5 1 5 2 5 3 5 4 5 6 5 7 5 8 5 9 5 10 5 12 6 1 6 2 6 3 6 4 6 5 6 7 6 8 6 9 6 10 6 11 7 2 7 3 7 4 7 5 7 6 7 8 7 9 7 10 7 11 7 12 8 1 8 3 8 4 8 5 8 6 8 7 8 9 8 10 8 11 8 12 9 1 9 2 9 4 9 5 9 6 9 7 9 8 9 10 9 11 9 12 10 1 10 2 10 3 10 5 10 6 10 7 10 8 10 9 10 11 10 12 11 1 11 2 11 3 11 4 11 6 11 7 11 8 11 9 11 10 11 12 12 1 12 2 12 3 12 4 12 5 12 7 12 8 12 9 12 10 12 11
V
2 2 9
122 1 2 1 3 1 4 1 5 1 6 1 7 1 9 1 10 1 11 1 12 2 1 2 3 2 4 2 5 2 6 2 7 2 8 2 10 2 11 2 12 3 1 3 2 3 4 3 5 3 6 3 7 3 8 3 9 3 11 3 12 4 1 4 2 4 3 4 5 4 6 4 7 4 8 4 9 4 10 4 12 5 1 5 2 5 3 5 4 5 6 5 7 5 8 5 9 5 10 5 11 6 1 6 2 6 3 6 4 6 5 6 7 6 8 6 9 6 10 6 11 6 12 7 1 7 2 7 3 7 4 7 5 7 6 7 8 7 9 7 10 7 11 7 12 8 2 8 3 8 4 8 5 8 6 8 7 8 9 8 10 8 11 8 12 9 1 9 3 9 4 9 5 9 6 9 7 9 8 9 10 9 11 9 12 10 1 10 2 10 4 10 5 10 6 10 7 10 8 10 9 10 11 10 12 11 1 11 2 11 3 11 5 11 6 11 7 11 8 11 9 11 10 11 12 12 1 12 2 12 3 12 4 12 6 12 7 12 8 12 9 12 10 12 11
V
2 2 10
124 1 2 1 3 1 4 1 5 1 6 1 7 1 8 1 10 1 11 1 12 2 1 2 3 2 4 2 5 2 6 2 7 2 8 2 9 2 11 2 12 3 1 3 2 3 4 3 5 3 6 3 7 3 8 3 9 3 10 3 12 4 1 4 2 4 3 4 5 4 6 4 7 4 8 4 9 4 10 4 11 5 1 5 2 5 3 5 4 5 6 5 7 5 8 5 9 5 10 5 11 5 12 6 1 6 2 6 3 6 4 6 5 6 7 6 8 6 9 6 10 6 11 6 12 7 1 7 2 7 3 7 4 7 5 7 6 7 8 7 9 7 10 7 11 7 12 8 1 8 2 8 3 8 4 8 5 8 6 8 7 8 9 8 10 8 11 8 12 9 2 9 3 9 4 9 5 9 6 9 7 9 8 9 10 9 11 9 12 10 1 10 3 10 4 10 5 10 6 10 7 10 8 10 9 10 11 10 12 11 1 11 2 11 4 11 5 11 6 11 7 11 8 11 9 11 10 11 12 12 1 12 2 12 3 12 5 12 6 12 7 12 8 12 9 12 10 12 11
V
2 2 11
126 1 2 1 3 1 4 1 5 1 6 1 7 1 8 1 9 1 11 1 12 2 1 2 3 2 4 2 5 2 6 2 7 2 8 2 9 2 10 2 12 3 1 3 2 3 4 3 5 3 6 3 7 3 8 3 9 3 10 3 11 4 1 4 2 4 3 4 5 4 6 4 7 4 8 4 9 4 10 4 11 4 12 5 1 5 2 5 3 5 4 5 6 5 7 5 8 5 9 5 10 5 11 5 12 6 1 6 2 6 3 6 4 6 5 6 7 6 8 6 9 6 10 6 11 6 12 7 1 7 2 7 3 7 4 7 5 7 6 7 8 7 9 7 10 7 11 7 12 8 1 8 2 8 3 8 4 8 5 8 6 8 7 8 9 8 10 8 11 8 12 9 1 9 2 9 3 9 4 9 5 9 6 9 7 9 8 9 10 9 11 9 12 10 2 10 3 10 4 10 5 10 6 10 7 10 8 10 9 10 11 10 12 11 1 11 3 11 4 11 5 11 6 11 7 11 8 11 9 11 10 11 12 12 1 12 2 12 4 12 5 12 6 12 7 12 8 12 9 12 10 12 11
V
2 2 12
128 1 2 1 3 1 4 1 5 1 6 1 7 1 8 1 9 1 10 1 12 2 1 2 3 2 4 2 5 2 6 2 7 2 8 2 9 2 10 2 11 3 1 3 2 3 4 3 5 3 6 3 7 3 8 3 9 3 10 3 11 3 12 4 1 4 2 4 3 4 5 4 6 4 7 4 8 4 9 4 10 4 11 4 12 5 1 5 2 5 3 5 4 5 6 5 7 5 8 5 9 5 10 5 11 5 12 6 1 6 2 6 3 6 4 6 5 6 7 6 8 6 9 6 10 6 11 6 12 7 1 7 2 7 3 7 4 7 5 7 6 7 8 7 9 7 10 7 11 7 12 8 1 8 2 8 3 8 4 8 5 8 6 8 7 8 9 8 10 8 11 8 12 9 1 9 2 9 3 9 4 9 5 9 6 9 7 9 8 9 10 9 11 9 12 10 1 10 2 10 3 10 4 10 5 10 6 10 7 10 8 10 9 10 11 10 12 11 2 11 3 11 4 11 5 11 6 11 7 11 8 11 9 11 10 11 12 12 1 12 3 12 4 12 5 12 6 12 7 12 8 12 9 12 10 12 11
V
2 3 4
110 1 3 1 4 1 5 1 6 1 7 1 8 1 9 1 10 1 11 1 12 2 4 2 5 2 6 2 7 2 8 2 9 2 10 2 11 2 12 3 1 3 5 3 6 3 7 3 8 3 9 3 10 3 11 3 12 4 1 4 2 4 6 4 7 4 8 4 9 4 10 4 11 4 12 5 1 5 2 5 3 5 7 5 8 5 9 5 10 5 11 5 12 6 1 6 2 6 3 6 4 6 8 6 9 6 10 6 11 6 12 7 1 7 2 7 3 7 4 7 5 7 9 7 10 7 11 7 12 8 1 8 2 8 3 8 4 8 5 8 6 8 10 8 11 8 12 9 1 9 2 9 3 9 4 9 5 9 6 9 7 9 11 9 12 10 1 10 2 10 3 10 4 10 5 10 6 10 7 10 8 10 12 11 1 11 2 11 3 11 4 11 5 11 6 11 7 11 8 11 9 12 1 12 2 12 3 12 4 12 5 12 6 12 7 12 8 12 9 12 10
V
2 3 5
112 1 2 1 4 1 5 1 6 1 7 1 8 1 9 1 10 1 11 1 12 2 1 2 3 2 5 2 6 2 7 2 8 2 9 2 10 2 11 2 12 3 2 3 4 3 6 3 7 3 8 3 9 3 10 3 11 3 12 4 1 4 3 4 5 4 7 4 8 4 9 4 10 4 11 4 12 5 1 5 2 5 4 5 6 5 8 5 9 5 10 5 11 5 12 6 1 6 2 6 3 6 5 6 7 6 9 6 10 6 11 6 12 7 1 7 2 7 3 7 4 7 6 7 8 7 10 7 11 7 12 8 1 8 2 8 3 8 4 8 5 8 7 8 9 8 11 8 12 9 1 9 2 9 3 9 4 9 5 9 6 9 8 9 10 9 12 10 1 10 2 10 3 10 4 10 5 10 6 10 7 10 9 10 11 11 1 11 2 11 3 11 4 11 5 11 6 11 7 11 8 11 10 11 12 12 1 12 2 12 3 12 4 12 5 12 6 12 7 12 8 12 9 12 11
V
2 3 6
114 1 2 1 3 1 5 1 6 1 7 1 8 1 9 1 10 1 11 1 12 2 1 2 3 2 4 2 6 2 7 2 8 2 9 2 10 2 11 2 12 3 1 3 2 3 4 3 5 3 7 3 8 3 9 3 10 3 11 3 12 4 2 4 3 4 5 4 6 4 8 4 9 4 10 4 11 4 12 5 1 5 3 5 4 5 6 5 7 5 9 5 10 5 11 5 12 6 1 6 2 6 4 6 5 6 7 6 8 6 10 6 11 6 12 7 1 7 2 7 3 7 5 7 6 7 8 7 9 7 11 7 12 8 1 8 2 8 3 8 4 8 6 8 7 8 9 8 10 8 12 9 1 9 2 9 3 9 4 9 5 9 7 9 8 9 10 9 11 10 1 10 2 10 3 10 4 10 5 10 6 10 8 10 9 10 11 10 12 11 1 11 2 11 3 11 4 11 5 11 6 11 7 11 9 11 10 11 12 12 1 12 2 12 3 12 4 12 5 12 6 12 7 12 8 12 10 12 11
V
2 3 7
116 1 2 1 3 1 4 1 6 1 7 1 8 1 9 1 10 1 11 1 12 2 1 2 3 2 4 2 5 2 7 2 8 2 9 2 10 2 11 2 12 3 1 3 2 3 4 3 5 3 6 3 8 3 9 3 10 3 11 3 12 4 1 4 2 4 3 4 5 4 6 4 7 4 9 4 10 4 11 4 12 5 2 5 3 5 4 5 6 5 7 5 8 5 10 5 11 5 12 6 1 6 3 6 4 6 5 6 7 6 8 6 9 6 11 6 12 7 1 7 2 7 4 7 5 7 6 7 8 7 9 7 10 7 12 8 1 8 2 8 3 8 5 8 6 8 7 8 9 8 10 8 11 9 1 9 2 9 3 9 4 9 6 9 7 9 8 9 10 9 11 9 12 10 1 10 2 10 3 10 4 10 5 10 7 10 8 10 9 10 11 10 12 11 1 11 2 11 3 11 4 11 5 11 6 11 8 11 9 11 10 11 12 12 1 12 2 12 3 12 4 12 5 12 6 12 7 12 9 12 10 12 11
V
2 3 8
118 1 2 1 3 1 4 1 5 1 7 1 8 1 9 1 10 1 11 1 12 2 1 2 3 2 4 2 5 2 6 2 8 2 9 2 10 2 11 2 12 3 1 3 2 3 4 3 5 3 6 3 7 3 9 3 10 3 11 3 12 4 1 4 2 4 3 4 5 4 6 4 7 4 8 4 10 4 11 4 12 5 1 5 2 5 3 5 4 5 6 5 7 5 8 5 9 5 11 5 12 6 2 6 3 6 4 6 5 6 7 6 8 6 9 6 10 6 12 7 1 7 3 7 4 7 5 7 6 7 8 7 9 7 10 7 11 8 1 8 2 8 4 8 5 8 6 8 7 8 9 8 10 8 11 8 12 9 1 9 2 9 3 9 5 9 6 9 7 9 8 9 10 9 11 9 12 10 1 10 2 10 3 10 4 10 6 10 7 10 8 10 9 10 11 10 12 11 1 11 2 11 3 11 4 11 5 11 7 11 8 11 9 11 10 11 12 12 1 12 2 12 3 12 4 12 5 12 6 12 8 12 9 12 10 12 11
V
2 3 9
120 1 2 1 3 1 4 1 5 1 6 1 8 1 9 1 10 1 11 1 12 2 1 2 3 2 4 2 5 2 6 2 7 2 9 2 10 2 11 2 12 3 1 3 2 3 4 3 5 3 6 3 7 3 8 3 10 3 11 3 12 4 1 4 2 4 3 4 5 4 6 4 7 4 8 4 9 4 11 4 12 5 1 5 2 5 3 5 4 5 6 5 7 5 8 5 9 5 10 5 12 6 1 6 2 6 3 6 4 6 5 6 7 6 8 6 9 6 10 6 11 7 2 7 3 7 4 7 5 7 6 7 8 7 9 7 10 7 11 7 12 8 1 8 3 8 4 8 5 8 6 8 7 8 9 8 10 8 11 8 12 9 1 9 2 9 4 9 5 9 6 9 7 9 8 9 10 9 11 9 12 10 1 10 2 10 3 10 5 10 6 10 7 10 8 10 9 10 11 10 12 11 1 11 2 11 3 11 4 11 6 11 7 11 8 11 9 11 10 11 12 12 1 12 2 12 3 12 4 12 5 12 7 12 8 12 9 12 10 12 11
V
2 3 10
122 1 2 1 3 1 4 1 5 1 6 1 7 1 9 1 10 1 11 1 12 2 1 2 3 2 4 2 5 2 6 2 7 2 8 2 10 2 11 2 12 3 1 3 2 3 4 3 5 3 6 3 7 3 8 3 9 3 11 3 12 4 1 4 2 4 3 4 5 4 6 4 7 4 8 4 9 4 10 4 12 5 1 5 2 5 3 5 4 5 6 5 7 5 8 5 9 5 10 5 11 6 1 6 2 6 3 6 4 6 5 6 7 6 8 6 9 6 10 6 11 6 12 7 1 7 2 7 3 7 4 7 5 7 6 7 8 7 9 7 10 7 11 7 12 8 2 8 3 8 4 8 5 8 6 8 7 8 9 8 10 8 11 8 12 9 1 9 3 9 4 9 5 9 6 9 7 9 8 9 10 9 11 9 12 10 1 10 2 10 4 10 5 10 6 10 7 10 8 10 9 10 11 10 12 11 1 11 2 11 3 11 5 11 6 11 7 11 8 11 9 11 10 11 12 12 1 12 2 12 3 12 4 12 6 12 7 12 8 12 9 12 10 12 11
V
2 3 11
124 1 2 1 3 1 4 1 5 1 6 1 7 1 8 1 10 1 11 1 12 2 1 2 3 2 4 2 5 2 6 2 7 2 8 2 9 2 11 2 12 3 1 3 2 3 4 3 5 3 6 3 7 3 8 3 9 3 10 3 12 4 1 4 2 4 3 4 5 4 6 4 7 4 8 4 9 4 10 4 11 5 1 5 2 5 3 5 4 5 6 5 7 5 8 5 9 5 10 5 11 5 12 6 1 6 2 6 3 6 4 6 5 6 7 6 8 6 9 6 10 6 11 6 12 7 1 7 2 7 3 7 4 7 5 7 6 7 8 7 9 7 10 7 11 7 12 8 1 8 2 8 3 8 4 8 5 8 6 8 7 8 9 8 10 8 11 8 12 9 2 9 3 9 4 9 5 9 6 9 7 9 8 9 10 9 11 9 12 10 1 10 3 10 4 10 5 10 6 10 7 10 8 10 9 10 11 10 12 11 1 11 2 11 4 11 5 11 6 11 7 11 8 11 9 11 10 11 12 12 1 12 2 12 3 12 5 12 6 12 7 12 8 12 9 12 10 12 11
V
2 3 12
126 1 2 1 3 1 4 1 5 1 6 1 7 1 8 1 9 1 11 1 12 2 1 2 3 2 4 2 5 2 6 2 7 2 8 2 9 2 10 2 12 3 1 3 2 3 4 3 5 3 6 3 7 3 8 3 9 3 10 3 11 4 1 4 2 4 3 4 5 4 6 4 7 4 8 4 9 4 10 4 11 4 12 5 1 5 2 5 3 5 4 5 6 5 7 5 8 5 9 5 10 5 11 5 12 6 1 6 2 6 3 6 4 6 5 6 7 6 8 6 9 6 10 6 11 6 12 7 1 7 2 7 3 7 4 7 5 7 6 7 8 7 9 7 10 7 11 7 12 8 1 8 2 8 3 8 4 8 5 8 6 8 7 8 9 8 10 8 11 8 12 9 1 9 2 9 3 9 4 9 5 9 6 9 7 9 8 9 10 9 11 9 12 10 2 10 3 10 4 10 5 10 6 10 7 10 8 10 9 10 11 10 12 11 1 11 3 11 4 11 5 11 6 11 7 11 8 11 9 11 10 11 12 12 1 12 2 12 4 12 5 12 6 12 7 12 8 12 9 12 10 12 11
V
2 4 5
110 1 3 1 4 1 5 1 6 1 7 1 8 1 9 1 10 1 11 1 12 2 4 2 5 2 6 2 7 2 8 2 9 2 10 2 11 2 12 3 1 3 5 3 6 3 7 3 8 3 9 3 10 3 11 3 12 4 1 4 2 4 6 4 7 4 8 4 9 4 10 4 11 4 12 5 1 5 2 5 3 5 7 5 8 5 9 5 10 5 11 5 12 6 1 6 2 6 3 6 4 6 8 6 9 6 10 6 11 6 12 7 1 7 2 7 3 7 4 7 5 7 9 7 10 7 11 7 12 8 1 8 2 8 3 8 4 8 5 8 6 8 10 8 11 8 12 9 1 9 2 9 3 9 4 9 5 9 6 9 7 9 11 9 12 10 1 10 2 10 3 10 4 10 5 10 6 10 7 10 8 10 12 11 1 11 2 11 3 11 4 11 5 11 6 11 7 11 8 11 9 12 1 12 2 12 3 12 4 12 5 12 6 12 7 12 8 12 9 12 10
V
2 4 6
112 1 2 1 4 1 5 1 6 1 7 1 8 1 9 1 10 1 11 1 12 2 1 2 3 2 5 2 6 2 7 2 8 2 9 2 10 2 11 2 12 3 2 3 4 3 6 3 7 3 8 3 9 3 10 3 11 3 12 4 1 4 3 4 5 4 7 4 8 4 9 4 10 4 11 4 12 5 1 5 2 5 4 5 6 5 8 5 9 5 10 5 11 5 12 6 1 6 2 6 3 6 5 6 7 6 9 6 10 6 11 6 12 7 1 7 2 7 3 7 4 7 6 7 8 7 10 7 11 7 12 8 1 8 2 8 3 8 4 8 5 8 7 8 9 8 11 8 12 9 1 9 2 9 3 9 4 9 5 9 6 9 8 9 10 9 12 10 1 10 2 10 3 10 4 10 5 10 6 10 7 10 9 10 11 11 1 11 2 11 3 11 4 11 5 11 6 11 7 11 8 11 10 11 12 12 1 12 2 12 3 12 4 12 5 12 6 12 7 12 8 12 9 12 11
V
2 4 7
114 1 2 1 3 1 5 1 6 1 7 1 8 1 9 1 10 1 11 1 12 2 1 2 3 2 4 2 6 2 7 2 8 2 9 2 10 2 11 2 12 3 1 3 2 3 4 3 5 3 7 3 8 3 9 3 10 3 11 3 12 4 2 4 3 4 5 4 6 4 8 4 9 4 10 4 11 4 12 5 1 5 3 5 4 5 6 5 7 5 9 5 10 5 11 5 12 6 1 6 2 6 4 6 5 6 7 6 8 6 10 6 11 6 12 7 1 7 2 7 3 7 5 7 6 7 8 7 9 7 11 7 12 8 1 8 2 8 3 8 4 8 6 8 7 8 9 8 10 8 12 9 1 9 2 9 3 9 4 9 5 9 7 9 8 9 10 9 11 10 1 10 2 10 3 10 4 10 5 10 6 10 8 10 9 10 11 10 12 11 1 11 2 11 3 11 4 11 5 11 6 11 7 11 9 11 10 11 12 12 1 12 2 12 3 12 4 12 5 12 6 12 7 12 8 12 10 12 11
V
2 4 8
116 1 2 1 3 1 4 1 6 1 7 1 8 1 9 1 10 1 11 1 12 2 1 2 3 2 4 2 5 2 7 2 8 2 9 2 10 2 11 2 12 3 1 3 2 3 4 3 5 3 6 3 8 3 9 3 10 3 11 3 12 4 1 4 2 4 3 4 5 4 6 4 7 4 9 4 10 4 11 4 12 5 2 5 3 5 4 5 6 5 7 5 8 5 10 5 11 5 12 6 1 6 3 6 4 6 5 6 7 6 8 6 9 6 11 6 12 7 1 7 2 7 4 7 5 7 6 7 8 7 9 7 10 7 12 8 1 8 2 8 3 8 5 8 6 8 7 8 9 8 10 8 11 9 1 9 2 9 3 9 4 9 6 9 7 9 8 9 10 9 11 9 12 10 1 10 2 10 3 10 4 10 5 10 7 10 8 10 9 10 11 10 12 11 1 11 2 11 3 11 4 11 5 11 6 11 8 11 9 11 10 11 12 12 1 12 2 12 3 12 4 12 5 12 6 12 7 12 9 12 10 12 11
V
2 4 9
118 1 2 1 3 1 4 1 5 1 7 1 8 1 9 1 10 1 11 1 12 2 1 2 3 2 4 2 5 2 6 2 8 2 9 2 10 2 11 2 12 3 1 3 2 3 4 3 5 3 6 3 7 3 9 3 10 3 11 3 12 4 1 4 2 4 3 4 5 4 6 4 7 4 8 4 10 4 11 4 12 5 1 5 2 5 3 5 4 5 6 5 7 5 8 5 9 5 11 5 12 6 2 6 3 6 4 6 5 6 7 6 8 6 9 6 10 6 12 7 1 7 3 7 4 7 5 7 6 7 8 7 9 7 10 7 11 8 1 8 2 8 4 8 5 8 6 8 7 8 9 8 10 8 11 8 12 9 1 9 2 9 3 9 5 9 6 9 7 9 8 9 10 9 11 9 12 10 1 10 2 10 3 10 4 10 6 10 7 10 8 10 9 10 11 10 12 11 1 11 2 11 3 11 4 11 5 11 7 11 8 11 9 11 10 11 12 12 1 12 2 12 3 12 4 12 5 12 6 12 8 12 9 12 10 12 11
V
2 4 10
120 1 2 1 3 1 4 1 5 1 6 1 8 1 9 1 10 1 11 1 12 2 1 2 3 2 4 2 5 2 6 2 7 2 9 2 10 2 11 2 12 3 1 3 2 3 4 3 5 3 6 3 7 3 8 3 10 3 11 3 12 4 1 4 2 4 3 4 5 4 6 4 7 4 8 4 9 4 11 4 12 5 1 5 2 5 3 5 4 5 6 5 7 5 8 5 9 5 10 5 12 6 1 6 2 6 3 6 4 6 5 6 7 6 8 6 9 6 10 6 11 7 2 7 3 7 4 7 5 7 6 7 8 7 9 7 10 7 11 7 12 8 1 8 3 8 4 8 5 8 6 8 7 8 9 8 10 8 11 8 12 9 1 9 2 9 4 9 5 9 6 9 7 9 8 9 10 9 11 9 12 10 1 10 2 10 3 10 5 10 6 10 7 10 8 10 9 10 11 10 12 11 1 11 2 11 3 11 4 11 6 11 7 11 8 11 9 11 10 11 12 12 1 12 2 12 3 12 4 12 5 12 7 12 8 12 9 12 10 12 11
V
2 4 11
122 1 2 1 3 1 4 1 5 1 6 1 7 1 9 1 10 1 11 1 12 2 1 2 3 2 4 2 5 2 6 2 7 2 8 2 10 2 11 2 12 3 1 3 2 3 4 3 5 3 6 3 7 3 8 3 9 3 11 3 12 4 1 4 2 4 3 4 5 4 6 4 7 4 8 4 9 4 10 4 12 5 1 5 2 5 3 5 4 5 6 5 7 5 8 5 9 5 10 5 11 6 1 6 2 6 3 6 4 6 5 6 7 6 8 6 9 6 10 6 11 6 12 7 1 7 2 7 3 7 4 7 5 7 6 7 8 7 9 7 10 7 11 7 12 8 2 8 3 8 4 8 5 8 6 8 7 8 9 8 10 8 11 8 12 9 1 9 3 9 4 9 5 9 6 9 7 9 8 9 10 9 11 9 12 10 1 10 2 10 4 10 5 10 6 10 7 10 8 10 9 10 11 10 12 11 1 11 2 11 3 11 5 11 6 11 7 11 8 11 9 11 10 11 12 12 1 12 2 12 3 12 4 12 6 12 7 12 8 12 9 12 10 12 11
V
2 4 12
124 1 2 1 3 1 4 1 5 1 6 1 7 1 8 1 10 1 11 1 12 2 1 2 3 2 4 2 5 2 6 2 7 2 8 2 9 2 11 2 12 3 1 3 2 3 4 3 5 3 6 3 7 3 8 3 9 3 10 3 12 4 1 4 2 4 3 4 5 4 6 4 7 4 8 4 9 4 10 4 11 5 1 5 2 5 3 5 4 5 6 5 7 5 8 5 9 5 10 5 11 5 12 6 1 6 2 6 3 6 4 6 5 6 7 6 8 6 9 6 10 6 11 6 12 7 1 7 2 7 3 7 4 7 5 7 6 7 8 7 9 7 10 7 11 7 12 8 1 8 2 8 3 8 4 8 5 8 6 8 7 8 9 8 10 8 11 8 12 9 2 9 3 9 4 9 5 9 6 9 7 9 8 9 10 9 11 9 12 10 1 10 3 10 4 10 5 10 6 10 7 10 8 10 9 10 11 10 12 11 1 11 2 11 4 11 5 11 6 11 7 11 8 11 9 11 10 11 12 12 1 12 2 12 3 12 5 12 6 12 7 12 8 12 9 12 10 12 11
V
2 5 6
110 1 3 1 4 1 5 1 6 1 7 1 8 1 9 1 10 1 11 1 12 2 4 2 5 2 6 2 7 2 8 2 9 2 10 2 11 2 12 3 1 3 5 3 6 3 7 3 8 3 9 3 10 3 11 3 12 4 1 4 2 4 6 4 7 4 8 4 9 4 10 4 11 4 12 5 1 5 2 5 3 5 7 5 8 5 9 5 10 5 11 5 12 6 1 6 2 6 3 6 4 6 8 6 9 6 10 6 11 6 12 7 1 7 2 7 3 7 4 7 5 7 9 7 10 7 11 7 12 8 1 8 2 8 3 8 4 8 5 8 6 8 10 8 11 8 12 9 1 9 2 9 3 9 4 9 5 9 6 9 7 9 11 9 12 10 1 10 2 10 3 10 4 10 5 10 6 10 7 10 8 10 12 11 1 11 2 11 3 11 4 11 5 11 6 11 7 11 8 11 9 12 1 12 2 12 3 12 4 12 5 12 6 12 7 12 8 12 9 12 10
V
2 5 7
112 1 2 1 4 1 5 1 6 1 7 1 8 1 9 1 10 1 11 1 12 2 1 2 3 2 5 2 6 2 7 2 8 2 9 2 10 2 11 2 12 3 2 3 4 3 6 3 7 3 8 3 9 3 10 3 11 3 12 4 1 4 3 4 5 4 7 4 8 4 9 4 10 4 11 4 12 5 1 5 2 5 4 5 6 5 8 5 9 5 10 5 11 5 12 6 1 6 2 6 3 6 5 6 7 6 9 6 10 6 11 6 12 7 1 7 2 7 3 7 4 7 6 7 8 7 10 7 11 7 12 8 1 8 2 8 3 8 4 8 5 8 7 8 9 8 11 8 12 9 1 9 2 9 3 9 4 9 5 9 6 9 8 9 10 9 12 10 1 10 2 10 3 10 4 10 5 10 6 10 7 10 9 10 11 11 1 11 2 11 3 11 4 11 5 11 6 11 7 11 8 11 10 11 12 12 1 12 2 12 3 12 4 12 5 12 6 12 7 12 8 12 9 12 11
V
2 5 8
114 1 2 1 3 1 5 1 6 1 7 1 8 1 9 1 10 1 11 1 12 2 1 2 3 2 4 2 6 2 7 2 8 2 9 2 10 2 11 2 12 3 1 3 2 3 4 3 5 3 7 3 8 3 9 3 10 3 11 3 12 4 2 4 3 4 5 4 6 4 8 4 9 4 10 4 11 4 12 5 1 5 3 5 4 5 6 5 7 5 9 5 10 5 11 5 12 6 1 6 2 6 4 6 5 6 7 6 8 6 10 6 11 6 12 7 1 7 2 7 3 7 5 7 6 7 8 7 9 7 11 7 12 8 1 8 2 8 3 8 4 8 6 8 7 8 9 8 10 8 12 9 1 9 2 9 3 9 4 9 5 9 7 9 8 9 10 9 11 10 1 10 2 10 3 10 4 10 5 10 6 10 8 10 9 10 11 10 12 11 1 11 2 11 3 11 4 11 5 11 6 11 7 11 9 11 10 11 12 12 1 12 2 12 3 12 4 12 5 12 6 12 7 12 8 12 10 12 11
V
2 5 9
116 1 2 1 3 1 4 1 6 1 7 1 8 1 9 1 10 1 11 1 12 2 1 2 3 2 4 2 5 2 7 2 8 2 9 2 10 2 11 2 12 3 1 3 2 3 4 3 5 3 6 3 8 3 9 3 10 3 11 3 12 4 1 4 2 4 3 4 5 4 6 4 7 4 9 4 10 4 11 4 12 5 2 5 3 5 4 5 6 5 7 5 8 5 10 5 11 5 12 6 1 6 3 6 4 6 5 6 7 6 8 6 9 6 11 6 12 7 1 7 2 7 4 7 5 7 6 7 8 7 9 7 10 7 12 8 1 8 2 8 3 8 5 8 6 8 7 8 9 8 10 8 11 9 1 9 2 9 3 9 4 9 6 9 7 9 8 9 10 9 11 9 12 10 1 10 2 10 3 10 4 10 5 10 7 10 8 10 9 10 11 10 12 11 1 11 2 11 3 11 4 11 5 11 6 11 8 11 9 11 10 11 12 12 1 12 2 12 3 12 4 12 5 12 6 12 7 12 9 12 10 12 11
V
2 5 10
118 1 2 1 3 1 4 1 5 1 7 1 8 1 9 1 10 1 11 1 12 2 1 2 3 2 4 2 5 2 6 2 8 2 9 2 10 2 11 2 12 3 1 3 2 3 4 3 5 3 6 3 7 3 9 3 10 3 11 3 12 4 1 4 2 4 3 4 5 4 6 4 7 4 8 4 10 4 11 4 12 5 1 5 2 5 3 5 4 5 6 5 7 5 8 5 9 5 11 5 12 6 2 6 3 6 4 6 5 6 7 6 8 6 9 6 10 6 12 7 1 7 3 7 4 7 5 7 6 7 8 7 9 7 10 7 11 8 1 8 2 8 4 8 5 8 6 8 7 8 9 8 10 8 11 8 12 9 1 9 2 9 3 9 5 9 6 9 7 9 8 9 10 9 11 9 12 10 1 10 2 10 3 10 4 10 6 10 7 10 8 10 9 10 11 10 12 11 1 11 2 11 3 11 4 11 5 11 7 11 8 11 9 11 10 11 12 12 1 12 2 12 3 12 4 12 5 12 6 12 8 12 9 12 10 12 11
V
2 5 11
120 1 2 1 3 1 4 1 5 1 6 1 8 1 9 1 10 1 11 1 12 2 1 2 3 2 4 2 5 2 6 2 7 2 9 2 10 2 11 2 12 3 1 3 2 3 4 3 5 3 6 3 7 3 8 3 10 3 11 3 12 4 1 4 2 4 3 4 5 4 6 4 7 4 8 4 9 4 11 4 12 5 1 5 2 5 3 5 4 5 6 5 7 5 8 5 9 5 10 5 12 6 1 6 2 6 3 6 4 6 5 6 7 6 8 6 9 6 10 6 11 7 2 7 3 7 4 7 5 7 6 7 8 7 9 7 10 7 11 7 12 8 1 8 3 8 4 8 5 8 6 8 7 8 9 8 10 8 11 8 12 9 1 9 2 9 4 9 5 9 6 9 7 9 8 9 10 9 11 9 12 10 1 10 2 10 3 10 5 10 6 10 7 10 8 10 9 10 11 10 12 11 1 11 2 11 3 11 4 11 6 11 7 11 8 11 9 11 10 11 12 12 1 12 2 12 3 12 4 12 5 12 7 12 8 12 9 12 10 12 11
V
2 5 12
122 1 2 1 3 1 4 1 5 1 6 1 7 1 9 1 10 1 11 1 12 2 1 2 3 2 4 2 5 2 6 2 7 2 8 2 10 2 11 2 12 3 1 3 2 3 4 3 5 3 6 3 7 3 8 3 9 3 11 3 12 4 1 4 2 4 3 4 5 4 6 4 7 4 8 4 9 4 10 4 12 5 1 5 2 5 3 5 4 5 6 5 7 5 8 5 9 5 10 5 11 6 1 6 2 6 3 6 4 6 5 6 7 6 8 6 9 6 10 6 11 6 12 7 1 7 2 7 3 7 4 7 5 7 6 7 8 7 9 7 10 7 11 7 12 8 2 8 3 8 4 8 5 8 6 8 7 8 9 8 10 8 11 8 12 9 1 9 3 9 4 9 5 9 6 9 7 9 8 9 10 9 11 9 12 10 1 10 2 10 4 10 5 10 6 10 7 10 8 10 9 10 11 10 12 11 1 11 2 11 3 11 5 11 6 11 7 11 8 11 9 11 10 11 12 12 1 12 2 12 3 12 4 12 6 12 7 12 8 12 9 12 10 12 11
V
2 6 7
110 1 3 1 4 1 5 1 6 1 7 1 8 1 9 1 10 1 11 1 12 2 4 2 5 2 6 2 7 2 8 2 9 2 10 2 11 2 12 3 1 3 5 3 6 3 7 3 8 3 9 3 10 3 11 3 12 4 1 4 2 4 6 4 7 4 8 4 9 4 10 4 11 4 12 5 1 5 2 5 3 5 7 5 8 5 9 5 10 5 11 5 12 6 1 6 2 6 3 6 4 6 8 6 9 6 10 6 11 6 12 7 1 7 2 7 3 7 4 7 5 7 9 7 10 7 11 7 12 8 1 8 2 8 3 8 4 8 5 8 6 8 10 8 11 8 12 9 1 9 2 9 3 9 4 9 5 9 6 9 7 9 11 9 12 10 1 10 2 10 3 10 4 10 5 10 6 10 7 10 8 10 12 11 1 11 2 11 3 11 4 11 5 11 6 11 7 11 8 11 9 12 1 12 2 12 3 12 4 12 5 12 6 12 7 12 8 12 9 12 10
V
2 6 8
112 1 2 1 4 1 5 1 6 1 7 1 8 1 9 1 10 1 11 1 12 2 1 2 3 2 5 2 6 2 7 2 8 2 9 2 10 2 11 2 12 3 2 3 4 3 6 3 7 3 8 3 9 3 10 3 11 3 12 4 1 4 3 4 5 4 7 4 8 4 9 4 10 4 11 4 12 5 1 5 2 5 4 5 6 5 8 5 9 5 10 5 11 5 12 6 1 6 2 6 3 6 5 6 7 6 9 6 10 6 11 6 12 7 1 7 2 7 3 7 4 7 6 7 8 7 10 7 11 7 12 8 1 8 2 8 3 8 4 8 5 8 7 8 9 8 11 8 12 9 1 9 2 9 3 9 4 9 5 9 6 9 8 9 10 9 12 10 1 10 2 10 3 10 4 10 5 10 6 10 7 10 9 10 11 11 1 11 2 11 3 11 4 11 5 11 6 11 7 11 8 11 10 11 12 12 1 12 2 12 3 12 4 12 5 12 6 12 7 12 8 12 9 12 11
V
2 6 9
114 1 2 1 3 1 5 1 6 1 7 1 8 1 9 1 10 1 11 1 12 2 1 2 3 2 4 2 6 2 7 2 8 2 9 2 10 2 11 2 12 3 1 3 2 3 4 3 5 3 7 3 8 3 9 3 10 3 11 3 12 4 2 4 3 4 5 4 6 4 8 4 9 4 10 4 11 4 12 5 1 5 3 5 4 5 6 5 7 5 9 5 10 5 11 5 12 6 1 6 2 6 4 6 5 6 7 6 8 6 10 6 11 6 12 7 1 7 2 7 3 7 5 7 6 7 8 7 9 7 11 7 12 8 1 8 2 8 3 8 4 8 6 8 7 8 9 8 10 8 12 9 1 9 2 9 3 9 4 9 5 9 7 9 8 9 10 9 11 10 1 10 2 10 3 10 4 10 5 10 6 10 8 10 9 10 11 10 12 11 1 11 2 11 3 11 4 11 5 11 6 11 7 11 9 11 10 11 12 12 1 12 2 12 3 12 4 12 5 12 6 12 7 12 8 12 10 12 11
V
2 6 10
116 1 2 1 3 1 4 1 6 1 7 1 8 1 9 1 10 1 11 1 12 2 1 2 3 2 4 2 5 2 7 2 8 2 9 2 10 2 11 2 12 3 1 3 2 3 4 3 5 3 6 3 8 3 9 3 10 3 11 3 12 4 1 4 2 4 3 4 5 4 6 4 7 4 9 4 10 4 11 4 12 5 2 5 3 5 4 5 6 5 7 5 8 5 10 5 11 5 12 6 1 6 3 6 4 6 5 6 7 6 8 6 9 6 11 6 12 7 1 7 2 7 4 7 5 7 6 7 8 7 9 7 10 7 12 8 1 8 2 8 3 8 5 8 6 8 7 8 9 8 10 8 11 9 1 9 2 9 3 9 4 9 6 9 7 9 8 9 10 9 11 9 12 10 1 10 2 10 3 10 4 10 5 10 7 10 8 10 9 10 11 10 12 11 1 11 2 11 3 11 4 11 5 11 6 11 8 11 9 11 10 11 12 12 1 12 2 12 3 12 4 12 5 12 6 12 7 12 9 12 10 12 11
V
2 6 11
118 1 2 1 3 1 4 1 5 1 7 1 8 1 9 1 10 1 11 1 12 2 1 2 3 2 4 2 5 2 6 2 8 2 9 2 10 2 11 2 12 3 1 3 2 3 4 3 5 3 6 3 7 3 9 3 10 3 11 3 12 4 1 4 2 4 3 4 5 4 6 4 7 4 8 4 10 4 11 4 12 5 1 5 2 5 3 5 4 5 6 5 7 5 8 5 9 5 11 5 12 6 2 6 3 6 4 6 5 6 7 6 8 6 9 6 10 6 12 7 1 7 3 7 4 7 5 7 6 7 8 7 9 7 10 7 11 8 1 8 2 8 4 8 5 8 6 8 7 8 9 8 10 8 11 8 12 9 1 9 2 9 3 9 5 9 6 9 7 9 8 9 10 9 11 9 12 10 1 10 2 10 3 10 4 10 6 10 7 10 8 10 9 10 11 10 12 11 1 11 2 11 3 11 4 11 5 11 7 11 8 11 9 11 10 11 12 12 1 12 2 12 3 12 4 12 5 12 6 12 8 12 9 12 10 12 11
V
2 6 12
120 1 2 1 3 1 4 1 5 1 6 1 8 1 9 1 10 1 11 1 12 2 1 2 3 2 4 2 5 2 6 2 7 2 9 2 10 2 11 2 12 3 1 3 2 3 4 3 5 3 6 3 7 3 8 3 10 3 11 3 12 4 1 4 2 4 3 4 5 4 6 4 7 4 8 4 9 4 11 4 12 5 1 5 2 5 3 5 4 5 6 5 7 5 8 5 9 5 10 5 12 6 1 6 2 6 3 6 4 6 5 6 7 6 8 6 9 6 10 6 11 7 2 7 3 7 4 7 5 7 6 7 8 7 9 7 10 7 11 7 12 8 1 8 3 8 4 8 5 8 6 8 7 8 9 8 10 8 11 8 12 9 1 9 2 9 4 9 5 9 6 9 7 9 8 9 10 9 11 9 12 10 1 10 2 10 3 10 5 10 6 10 7 10 8 10 9 10 11 10 12 11 1 11 2 11 3 11 4 11 6 11 7 11 8 11 9 11 10 11 12 12 1 12 2 12 3 12 4 12 5 12 7 12 8 12 9 12 10 12 11
V
2 7 8
110 1 3 1 4 1 5 1 6 1 7 1 8 1 9 1 10 1 11 1 12 2 4 2 5 2 6 2 7 2 8 2 9 2 10 2 11 2 12 3 1 3 5 3 6 3 7 3 8 3 9 3 10 3 11 3 12 4 1 4 2 4 6 4 7 4 8 4 9 4 10 4 11 4 12 5 1 5 2 5 3 5 7 5 8 5 9 5 10 5 11 5 12 6 1 6 2 6 3 6 4 6 8 6 9 6 10 6 11 6 12 7 1 7 2 7 3 7 4 7 5 7 9 7 10 7 11 7 12 8 1 8 2 8 3 8 4 8 5 8 6 8 10 8 11 8 12 9 1 9 2 9 3 9 4 9 5 9 6 9 7 9 11 9 12 10 1 10 2 10 3 10 4 10 5 10 6 10 7 10 8 10 12 11 1 11 2 11 3 11 4 11 5 11 6 11 7 11 8 11 9 12 1 12 2 12 3 12 4 12 5 12 6 12 7 12 8 12 9 12 10
V
2 7 9
112 1 2 1 4 1 5 1 6 1 7 1 8 1 9 1 10 1 11 1 12 2 1 2 3 2 5 2 6 2 7 2 8 2 9 2 10 2 11 2 12 3 2 3 4 3 6 3 7 3 8 3 9 3 10 3 11 3 12 4 1 4 3 4 5 4 7 4 8 4 9 4 10 4 11 4 12 5 1 5 2 5 4 5 6 5 8 5 9 5 10 5 11 5 12 6 1 6 2 6 3 6 5 6 7 6 9 6 10 6 11 6 12 7 1 7 2 7 3 7 4 7 6 7 8 7 10 7 11 7 12 8 1 8 2 8 3 8 4 8 5 8 7 8 9 8 11 8 12 9 1 9 2 9 3 9 4 9 5 9 6 9 8 9 10 9 12 10 1 10 2 10 3 10 4 10 5 10 6 10 7 10 9 10 11 11 1 11 2 11 3 11 4 11 5 11 6 11 7 11 8 11 10 11 12 12 1 12 2 12 3 12 4 12 5 12 6 12 7 12 8 12 9 12 11
V
2 7 10
114 1 2 1 3 1 5 1 6 1 7 1 8 1 9 1 10 1 11 1 12 2 1 2 3 2 4 2 6 2 7 2 8 2 9 2 10 2 11 2 12 3 1 3 2 3 4 3 5 3 7 3 8 3 9 3 10 3 11 3 12 4 2 4 3 4 5 4 6 4 8 4 9 4 10 4 11 4 12 5 1 5 3 5 4 5 6 5 7 5 9 5 10 5 11 5 12 6 1 6 2 6 4 6 5 6 7 6 8 6 10 6 11 6 12 7 1 7 2 7 3 7 5 7 6 7 8 7 9 7 11 7 12 8 1 8 2 8 3 8 4 8 6 8 7 8 9 8 10 8 12 9 1 9 2 9 3 9 4 9 5 9 7 9 8 9 10 9 11 10 1 10 2 10 3 10 4 10 5 10 6 10 8 10 9 10 11 10 12 11 1 11 2 11 3 11 4 11 5 11 6 11 7 11 9 11 10 11 12 12 1 12 2 12 3 12 4 12 5 12 6 12 7 12 8 12 10 12 11
V
2 7 11
116 1 2 1 3 1 4 1 6 1 7 1 8 1 9 1 10 1 11 1 12 2 1 2 3 2 4 2 5 2 7 2 8 2 9 2 10 2 11 2 12 3 1 3 2 3 4 3 5 3 6 3 8 3 9 3 10 3 11 3 12 4 1 4 2 4 3 4 5 4 6 4 7 4 9 4 10 4 11 4 12 5 2 5 3 5 4 5 6 5 7 5 8 5 10 5 11 5 12 6 1 6 3 6 4 6 5 6 7 6 8 6 9 6 11 6 12 7 1 7 2 7 4 7 5 7 6 7 8 7 9 7 10 7 12 8 1 8 2 8 3 8 5 8 6 8 7 8 9 8 10 8 11 9 1 9 2 9 3 9 4 9 6 9 7 9 8 9 10 9 11 9 12 10 1 10 2 10 3 10 4 10 5 10 7 10 8 10 9 10 11 10 12 11 1 11 2 11 3 11 4 11 5 11 6 11 8 11 9 11 10 11 12 12 1 12 2 12 3 12 4 12 5 12 6 12 7 12 9 12 10 12 11
V
2 7 12
118 1 2 1 3 1 4 1 5 1 7 1 8 1 9 1 10 1 11 1 12 2 1 2 3 2 4 2 5 2 6 2 8 2 9 2 10 2 11 2 12 3 1 3 2 3 4 3 5 3 6 3 7 3 9 3 10 3 11 3 12 4 1 4 2 4 3 4 5 4 6 4 7 4 8 4 10 4 11 4 12 5 1 5 2 5 3 5 4 5 6 5 7 5 8 5 9 5 11 5 12 6 2 6 3 6 4 6 5 6 7 6 8 6 9 6 10 6 12 7 1 7 3 7 4 7 5 7 6 7 8 7 9 7 10 7 11 8 1 8 2 8 4 8 5 8 6 8 7 8 9 8 10 8 11 8 12 9 1 9 2 9 3 9 5 9 6 9 7 9 8 9 10 9 11 9 12 10 1 10 2 10 3 10 4 10 6 10 7 10 8 10 9 10 11 10 12 11 1 11 2 11 3 11 4 11 5 11 7 11 8 11 9 11 10 11 12 12 1 12 2 12 3 12 4 12 5 12 6 12 8 12 9 12 10 12 11
V
2 8 9
110 1 3 1 4 1 5 1 6 1 7 1 8 1 9 1 10 1 11 1 12 2 4 2 5 2 6 2 7 2 8 2 9 2 10 2 11 2 12 3 1 3 5 3 6 3 7 3 8 3 9 3 10 3 11 3 12 4 1 4 2 4 6 4 7 4 8 4 9 4 10 4 11 4 12 5 1 5 2 5 3 5 7 5 8 5 9 5 10 5 11 5 12 6 1 6 2 6 3 6 4 6 8 6 9 6 10 6 11 6 12 7 1 7 2 7 3 7 4 7 5 7 9 7 10 7 11 7 12 8 1 8 2 8 3 8 4 8 5 8 6 8 10 8 11 8 12 9 1 9 2 9 3 9 4 9 5 9 6 9 7 9 11 9 12 10 1 10 2 10 3 10 4 10 5 10 6 10 7 10 8 10 12 11 1 11 2 11 3 11 4 11 5 11 6 11 7 11 8 11 9 12 1 12 2 12 3 12 4 12 5 12 6 12 7 12 8 12 9 12 10
V
2 8 10
112 1 2 1 4 1 5 1 6 1 7 1 8 1 9 1 10 1 11 1 12 2 1 2 3 2 5 2 6 2 7 2 8 2 9 2 10 2 11 2 12 3 2 3 4 3 6 3 7 3 8 3 9 3 10 3 11 3 12 4 1 4 3 4 5 4 7 4 8 4 9 4 10 4 11 4 12 5 1 5 2 5 4 5 6 5 8 5 9 5 10 5 11 5 12 6 1 6 2 6 3 6 5 6 7 6 9 6 10 6 11 6 12 7 1 7 2 7 3 7 4 7 6 7 8 7 10 7 11 7 12 8 1 8 2 8 3 8 4 8 5 8 7 8 9 8 11 8 12 9 1 9 2 9 3 9 4 9 5 9 6 9 8 9 10 9 12 10 1 10 2 10 3 10 4 10 5 10 6 10 7 10 9 10 11 11 1 11 2 11 3 11 4 11 5 11 6 11 7 11 8 11 10 11 12 12 1 12 2 12 3 12 4 12 5 12 6 12 7 12 8 12 9 12 11
V
2 8 11
114 1 2 1 3 1 5 1 6 1 7 1 8 1 9 1 10 1 11 1 12 2 1 2 3 2 4 2 6 2 7 2 8 2 9 2 10 2 11 2 12 3 1 3 2 3 4 3 5 3 7 3 8 3 9 3 10 3 11 3 12 4 2 4 3 4 5 4 6 4 8 4 9 4 10 4 11 4 12 5 1 5 3 5 4 5 6 5 7 5 9 5 10 5 11 5 12 6 1 6 2 6 4 6 5 6 7 6 8 6 10 6 11 6 12 7 1 7 2 7 3 7 5 7 6 7 8 7 9 7 11 7 12 8 1 8 2 8 3 8 4 8 6 8 7 8 9 8 10 8 12 9 1 9 2 9 3 9 4 9 5 9 7 9 8 9 10 9 11 10 1 10 2 10 3 10 4 10 5 10 6 10 8 10 9 10 11 10 12 11 1 11 2 11 3 11 4 11 5 11 6 11 7 11 9 11 10 11 12 12 1 12 2 12 3 12 4 12 5 12 6 12 7 12 8 12 10 12 11
V
2 8 12
116 1 2 1 3 1 4 1 6 1 7 1 8 1 9 1 10 1 11 1 12 2 1 2 3 2 4 2 5 2 7 2 8 2 9 2 10 2 11 2 12 3 1 3 2 3 4 3 5 3 6 3 8 3 9 3 10 3 11 3 12 4 1 4 2 4 3 4 5 4 6 4 7 4 9 4 10 4 11 4 12 5 2 5 3 5 4 5 6 5 7 5 8 5 10 5 11 5 12 6 1 6 3 6 4 6 5 6 7 6 8 6 9 6 11 6 12 7 1 7 2 7 4 7 5 7 6 7 8 7 9 7 10 7 12 8 1 8 2 8 3 8 5 8 6 8 7 8 9 8 10 8 11 9 1 9 2 9 3 9 4 9 6 9 7 9 8 9 10 9 11 9 12 10 1 10 2 10 3 10 4 10 5 10 7 10 8 10 9 10 11 10 12 11 1 11 2 11 3 11 4 11 5 11 6 11 8 11 9 11 10 11 12 12 1 12 2 12 3 12 4 12 5 12 6 12 7 12 9 12 10 12 11
V
2 9 10
110 1 3 1 4 1 5 1 6 1 7 1 8 1 9 1 10 1 11 1 12 2 4 2 5 2 6 2 7 2 8 2 9 2 10 2 11 2 12 3 1 3 5 3 6 3 7 3 8 3 9 3 10 3 11 3 12 4 1 4 2 4 6 4 7 4 8 4 9 4 10 4 11 4 12 5 1 5 2 5 3 5 7 5 8 5 9 5 10 5 11 5 12 6 1 6 2 6 3 6 4 6 8 6 9 6 10 6 11 6 12 7 1 7 2 7 3 7 4 7 5 7 9 7 10 7 11 7 12 8 1 8 2 8 3 8 4 8 5 8 6 8 10 8 11 8 12 9 1 9 2 9 3 9 4 9 5 9 6 9 7 9 11 9 12 10 1 10 2 10 3 10 4 10 5 10 6 10 7 10 8 10 12 11 1 11 2 11 3 11 4 11 5 11 6 11 7 11 8 11 9 12 1 12 2 12 3 12 4 12 5 12 6 12 7 12 8 12 9 12 10
V
2 9 11
112 1 2 1 4 1 5 1 6 1 7 1 8 1 9 1 10 1 11 1 12 2 1 2 3 2 5 2 6 2 7 2 8 2 9 2 10 2 11 2 12 3 2 3 4 3 6 3 7 3 8 3 9 3 10 3 11 3 12 4 1 4 3 4 5 4 7 4 8 4 9 4 10 4 11 4 12 5 1 5 2 5 4 5 6 5 8 5 9 5 10 5 11 5 12 6 1 6 2 6 3 6 5 6 7 6 9 6 10 6 11 6 12 7 1 7 2 7 3 7 4 7 6 7 8 7 10 7 11 7 12 8 1 8 2 8 3 8 4 8 5 8 7 8 9 8 11 8 12 9 1 9 2 9 3 9 4 9 5 9 6 9 8 9 10 9 12 10 1 10 2 10 3 10 4 10 5 10 6 10 7 10 9 10 11 11 1 11 2 11 3 11 4 11 5 11 6 11 7 11 8 11 10 11 12 12 1 12 2 12 3 12 4 12 5 12 6 12 7 12 8 12 9 12 11
V
2 9 12
114 1 2 1 3 1 5 1 6 1 7 1 8 1 9 1 10 1 11 1 12 2 1 2 3 2 4 2 6 2 7 2 8 2 9 2 10 2 11 2 12 3 1 3 2 3 4 3 5 3 7 3 8 3 9 3 10 3 11 3 12 4 2 4 3 4 5 4 6 4 8 4 9 4 10 4 11 4 12 5 1 5 3 5 4 5 6 5 7 5 9 5 10 5 11 5 12 6 1 6 2 6 4 6 5 6 7 6 8 6 10 6 11 6 12 7 1 7 2 7 3 7 5 7 6 7 8 7 9 7 11 7 12 8 1 8 2 8 3 8 4 8 6 8 7 8 9 8 10 8 12 9 1 9 2 9 3 9 4 9 5 9 7 9 8 9 10 9 11 10 1 10 2 10 3 10 4 10 5 10 6 10 8 10 9 10 11 10 12 11 1 11 2 11 3 11 4 11 5 11 6 11 7 11 9 11 10 11 12 12 1 12 2 12 3 12 4 12 5 12 6 12 7 12 8 12 10 12 11
V
2 10 11
110 1 3 1 4 1 5 1 6 1 7 1 8 1 9 1 10 1 11 1 12 2 4 2 5 2 6 2 7 2 8 2 9 2 10 2 11 2 12 3 1 3 5 3 6 3 7 3 8 3 9 3 10 3 11 3 12 4 1 4 2 4 6 4 7 4 8 4 9 4 10 4 11 4 12 5 1 5 2 5 3 5 7 5 8 5 9 5 10 5 11 5 12 6 1 6 2 6 3 6 4 6 8 6 9 6 10 6 11 6 12 7 1 7 2 7 3 7 4 7 5 7 9 7 10 7 11 7 12 8 1 8 2 8 3 8 4 8 5 8 6 8 10 8 11 8 12 9 1 9 2 9 3 9 4 9 5 9 6 9 7 9 11 9 12 10 1 10 2 10 3 10 4 10 5 10 6 10 7 10 8 10 12 11 1 11 2 11 3 11 4 11 5 11 6 11 7 11 8 11 9 12 1 12 2 12 3 12 4 12 5 12 6 12 7 12 8 12 9 12 10
V
2 10 12
112 1 2 1 4 1 5 1 6 1 7 1 8 1 9 1 10 1 11 1 12 2 1 2 3 2 5 2 6 2 7 2 8 2 9 2 10 2 11 2 12 3 2 3 4 3 6 3 7 3 8 3 9 3 10 3 11 3 12 4 1 4 3 4 5 4 7 4 8 4 9 4 10 4 11 4 12 5 1 5 2 5 4 5 6 5 8 5 9 5 10 5 11 5 12 6 1 6 2 6 3 6 5 6 7 6 9 6 10 6 11 6 12 7 1 7 2 7 3 7 4 7 6 7 8 7 10 7 11 7 12 8 1 8 2 8 3 8 4 8 5 8 7 8 9 8 11 8 12 9 1 9 2 9 3 9 4 9 5 9 6 9 8 9 10 9 12 10 1 10 2 10 3 10 4 10 5 10 6 10 7 10 9 10 11 11 1 11 2 11 3 11 4 11 5 11 6 11 7 11 8 11 10 11 12 12 1 12 2 12 3 12 4 12 5 12 6 12 7 12 8 12 9 12 11
V
2 11 12
110 1 3 1 4 1 5 1 6 1 7 1 8 1 9 1 10 1 11 1 12 2 4 2 5 2 6 2 7 2 8 2 9 2 10 2 11 2 12 3 1 3 5 3 6 3 7 3 8 3 9 3 10 3 11 3 12 4 1 4 2 4 6 4 7 4 8 4 9 4 10 4 11 4 12 5 1 5 2 5 3 5 7 5 8 5 9 5 10 5 11 5 12 6 1 6 2 6 3 6 4 6 8 6 9 6 10 6 11 6 12 7 1 7 2 7 3 7 4 7 5 7 9 7 10 7 11 7 12 8 1 8 2 8 3 8 4 8 5 8 6 8 10 8 11 8 12 9 1 9 2 9 3 9 4 9 5 9 6 9 7 9 11 9 12 10 1 10 2 10 3 10 4 10 5 10 6 10 7 10 8 10 12 11 1 11 2 11 3 11 4 11 5 11 6 11 7 11 8 11 9 12 1 12 2 12 3 12 4 12 5 12 6 12 7 12 8 12 9 12 10
